-0.909297	-0.0921169
-0.219784	-0.0368468
0.642999	0.00263191
0.998867	0.028951
0.567269	0.0444905
-0.311541	0.0513892
-0.944745	0.051556
-0.833149	0.0466805
-0.0647327	0.0382443
0.754717	0.0275316
0.979178	0.0156405
0.431695	0.0034938
-0.456119	-0.00815016
-0.984347	-0.0186863
-0.736555	-0.0276521
0.0919069	-0.0347164
0.847913	-0.0396686
0.935459	-0.0424076
0.285527	-0.0429311
-0.589504	-0.0413242
-0.999793	-0.0377488
-0.621886	-0.0324327
0.246291	-0.0256581
0.920302	-0.0177514
0.868784	-0.0090717
0.132352	4.09081e-16
-0.708421	0.0090717
-0.990703	0.0177514
-0.491955	0.0256581
0.394631	0.0324327
0.970106	0.0377488
0.780788	0.0413242
-0.0240711	0.0429311
-0.809954	0.0424076
-0.957302	0.0396686
-0.349951	0.0347164
0.533286	0.0276521
0.996103	0.0186863
0.673632	0.00815016
-0.179903	-0.0034938
-0.89161	-0.0156405
-0.900407	-0.0275316
-0.19936	-0.0382443
0.658855	-0.0466805
0.997655	-0.051556
0.549944	-0.0513892
-0.331321	-0.0444905
-0.951385	-0.028951
-0.821416	-0.00263191
-0.0438757	0.0368468
